blossom.tga
blossom_s.tga
-0.003185 0.001284 -0.000334 0.001292
0.001284 0.003185 -0.002106 0.005398
-0.000334 -0.002106 -0.000553 -0.002268
0.001292 0.005398 -0.002268 0.011922
-0.003312 0.001366 -0.000377 0.001357
0.001366 0.003312 -0.002268 0.005726
-0.000377 -0.002268 -0.000532 -0.002402
0.001357 0.005726 -0.002402 0.012186
-0.003659 0.001510 -0.000413 0.001419
0.001510 0.003659 -0.002617 0.006378
-0.000413 -0.002617 -0.000553 -0.002722
0.001419 0.006378 -0.002722 0.012723
