galileo.tga
galileo_s.tga
0.004693 -0.005398 0.001364 -0.007169
-0.005398 -0.004693 -0.000948 0.004445
0.001364 -0.000948 -0.005283 -0.002310
-0.007169 0.004445 -0.002310 0.019855
0.003593 -0.004175 0.001083 -0.005469
-0.004175 -0.003593 -0.000776 0.003434
0.001083 -0.000776 -0.003865 -0.001889
-0.005469 0.003434 -0.001889 0.014595
0.003543 -0.004328 0.001072 -0.005632
-0.004328 -0.003543 -0.000690 0.003406
0.001072 -0.000690 -0.004048 -0.001757
-0.005632 0.003406 -0.001757 0.013732
