grace.tga
grace_s.tga
0.002225 0.001216 -0.006007 0.003724
0.001216 -0.002225 -0.002798 0.005065
-0.006007 -0.002798 -0.002924 -0.004327
0.003724 0.005065 -0.004327 0.018547
-0.000611 0.000574 -0.002307 0.000714
0.000574 0.000611 -0.002396 0.004501
-0.002307 -0.002396 -0.001813 -0.002310
0.000714 0.004501 -0.002310 0.010350
-0.003308 0.001363 -0.001513 -0.000099
0.001363 0.003308 -0.005087 0.007807
-0.001513 -0.005087 -0.002871 -0.003418
-0.000099 0.007807 -0.003418 0.013055
