rnl.tga
rnl_s.tga
0.000376 0.001018 0.000963 0.002072
0.001018 -0.000376 0.000140 0.005764
0.000963 0.000140 -0.002727 0.000796
0.002072 0.005764 0.000796 0.014052
-0.000040 0.000903 0.000840 0.002070
0.000903 0.000040 -0.000230 0.007167
0.000840 -0.000230 -0.003665 0.000639
0.002070 0.007167 0.000639 0.016031
-0.000729 0.000639 0.000604 0.001776
0.000639 0.000729 -0.000760 0.008293
0.000604 -0.000760 -0.004471 0.000254
0.001776 0.008293 0.000254 0.017161
